27.742304
17.147732
21.314684
32.834106
31.97804
25.33382
50.45496
40.87028
32.925163
55.91468
39.539234
54.40346
59.245903
70.10095
69.05375
71.5663
81.19493
65.042114
83.24677
81.73901
95.25938
107.009705
117.13984
108.632996
124.171776
136.22652
153.21481
150.2527
151.31532
162.03622
168.40654
199.69301
194.79733
208.05367
212.19235
223.38373
238.29929
265.4359
275.88464
298.32965
320.24405
338.73828
389.17538
369.37338
396.44342
433.3626
460.15317
458.77747
479.8914
491.5917
537.9041
564.4166
578.1785
605.87317
635.20087
731.79254
723.58844
751.29
798.7577
832.6717
1139.9727
1073.4674
1071.0323
1075.527
1081.3943
1108.0615
1247.3862
1322.0278
1366.3187
1501.0609
1558.7184
1611.3292
1639.6501
1715.5101
1794.9768
1823.2498
1831.1105
1868.643
1901.4282
1972.1631
2023.9492
2044.8639
2148.8005
2156.292
2262.6025
2249.951
2212.0388
2209.0642
2302.5916
2307.0469
2379.5776
2470.49
2472.0908
2538.452
2487.4014
2445.97
2451.916
2468.1897
2575.9636
2476.1885
2399.7493
2527.9795
2528.932
2529.0864
2439.8315
2646.4658
2555.309
2454.3716
2482.096
2536.6223
2588.476
2525.5132
2472.0422
2497.13
2505.2573
2588.728
2618.812
2660.9346
2656.6843
2678.437
2649.2334
2662.209
3449.4058
3082.6472
2815.5137
2808.24
2671.062
2701.107
2863.7427
2907.2026
2885.7808
3005.9497
3185.8354
3161.4866
3072.4385
3185.3242
3162.3064
3146.7083
3199.2659
3235.476
3309.2878
3234.437
3225.9778
3347.6267
3370.0403
3368.4805
3473.6355
3461.4387
3494.0022
3399.5796
3462.6736
3342.1006
3338.2104
3412.388
3549.6946
3506.837
3537.0583
3366.7046
3369.443
3511.921
3573.6365
3535.1252
3373.5212
3406.2856
3504.6309
3573.739
3570.846
3714.655
3581.8538
3582.2012
3626.7957
3493.2717
3527.8237
3498.3994
3483.1033
3486.1003
3534.49
3605.1565
3542.855
3549.3572
3482.3086
3616.3225
3588.0684
3641.248
3668.081
3913.452
3832.365
3818.1758
3642.3118
3625.3582
3653.0886
3770.2283
3817.3806
3870.4958
3830.2424
3869.0786
3848.5789
3958.8484
3891.967
4026.438
4037.6921
4063.4404
4082.18
4099.7563
4111.962
4151.6963
4048.682
3954.758
4075.123
4110.5845
4138.4463
4179.084
4170.0864
4027.788
4032.9382
4143.2935
4153.4595
4177.4844
4199.772
4169.989
4186.3174
4017.1685
4066.6094
3968.104
4038.8174
4188.653
4122.682
4158.019
4211.445
4178.896
3994.6323
3939.8296
3998.4392
3934.0703
3944.9587
4022.7583
3915.422
3896.969
3974.7317
4038.7231
4148.7163
4151.2075
4165.633
4062.9397
4026.3152
4099.0825
4120.4697
4535.4604
4411.3594
4408.0454
4357.608
4388.6436
4385.883
4380.313
4387.8276
4478.3335
4439.6577
4430.9355
4337.759
4375.1646
4346.9644
4493.429
4332.657
4442.777
4313.705
4412.6177
4485.809
4495.5747
4512.1553
4516.489
4601.1597
4600.902
4722.887
4680.3506
4596.2466
4584.0396
4630.2876
4525.0083
4525.4688
4547.3633
4463.9707
4568.5366
4409.626
4589.0806
4491.0586
4467.769
4455.3823
4495.5854
4592.186
4613.4106
4538.5596
4562.546
4714.4795
4599.779
4545.365
4464.644
4423.3057
4477.3296
4459.9585
4422.3
4474.4404
4469.6836
4315.7046
4527.76
4591.759
4607.573
4594.6704
4570.8804
4571.904
4646.5176
4709.432
4620.4
4567.9097
4589.5244
4502.65
4395.5215
4525.888
4572.1245
4802.4575
4789.1484
4745.1
4688.748
4754.8364
4838.9844
4871.3086
4680.8794
4709.568
4738.0137
4715.1055
4742.969
4658.1104
4502.827
4714.1772
4642.3823
4675.6245
4806.543
4769.8174
4876.346
4765.4307
4724.3716
4784.9775
4817.806
4716.454
4761.132
4692.243
4734.5713
4830.4175
4805.5645
4820.16
4773.2285
4807.713
4840.049
4716.0063
4801.233
4875.529
4768.487
4739.549
4777.2817
4626.858
4672.2207
4761.995
4781.6445
4739.5845
4785.4507
4657.712
4679.267
4805.0713
4916.64
4910.6045
4803.4194
4883.081
4715.993
5029.066
4968.378
4989.0435
4836.5938
4843.057
4847.261
4983.8135
4985.867
4929.252
4749.5234
4818.6787
4944.567
4900.0317
4936.641
4983.587
5001.232
5054.2817
4987.702
4978.964
5041.394
5109.069
5050.344
5006.8247
5138.646
5065.5254
5018.5684
5046.771
4957.338
5051.2373
5003.925
5091.5044
5194.133
5201.186
5186.402
5104.739
4978.741
5209.068
5267.5317
5211.1265
5268.318
5310.6514
5308.3926
5187.1963
5055.148
5057.2524
5006.956
4914.8013
5000.498
5105.821
5078.955
5048.8726
5116.5396
5127.4663
5152.8027
5133.659
5150.7026
5086.3467
5230.1367
5229.666
5271.086
5293.59
5272.646
5165.6206
5177.507
5298.289
5226.916
5160.8896
5190.181
5157.077
5262.6025
5197.4297
5175.1772
5414.898
5316.2617
5446.2725
5446.532
5346.547
5307.117
5250.6973
5315.3438
5428.3413
5451.1904
5365.8374
5343.5586
5365.289
5490.769
5470.617
5427.279
5500.0034
5481.873
5395.4976
5403.9365
5357.9863
5429.9604
5288.1567
5206.014
5357.1963
5233.536
5287.213
5384.052
5489.442
5433.624
5332.0806
5377.843
5379.324
5245.191
5359.2456
5334.914
5361.505
5343.8306
5145.8115
5259.165
5251.7373
5236.3022
5402.467
5305.866
5395.808
5426.856
5422.7266
5477.203
5452.5645
5364.179
5448.9844
5512.6743
5489.839
5667.871
5508.293
34.758316
23.219006
16.499245
15.766804
17.341553
30.5562
33.330338
32.99215
27.018982
46.23178
35.883434
45.9988
51.77662
48.43554
59.254597
65.998344
57.69433
47.434486
66.51354
74.0096
70.7016
89.60688
96.25775
87.45679
99.69915
80.9549
107.79267
108.429665
120.200584
136.47679
138.3269
145.55148
169.9963
171.38835
158.53082
174.10533
197.46318
208.11461
226.28899
226.46764
217.42342
242.51218
250.8142
286.98135
295.23657
283.51636
331.8946
343.1822
359.67886
375.2033
386.47092
394.32886
399.3248
433.342
460.09244
467.95288
492.8124
509.3023
543.28735
571.2048
571.3957
728.32355
689.0542
685.96564
728.09894
729.6934
724.37836
760.017
853.6201
912.52716
928.934
1012.06976
1076.7089
1097.1495
1135.669
1190.4906
1255.3326
1303.5663
1419.6451
1483.9465
1458.2333
1518.5509
1539.042
1652.692
1682.4606
1722.177
1767.9054
1797.57
1841.7611
1927.562
1926.1351
2013.423
2002.1943
1974.5704
1978.284
2030.5609
2063.4023
2129.9854
2193.8743
2188.108
2280.1128
2330.7866
2358.0356
2485.4268
2519.1611
2589.9146
2600.5864
2599.8096
2511.4614
2613.4253
2604.7253
2655.934
2635.1238
2650.8442
2634.2476
2609.8298
2700.4292
2654.125
2678.028
2674.2678
2630.414
2697.3542
2660.7192
2888.8877
2686.2603
2554.8672
2616.0586
2613.0947
2738.219
2606.7134
2641.7615
2774.164
2858.0117
2971.952
3014.8616
2963.1064
2999.8928
2961.8203
2999.1824
3034.979
3022.3298
3089.0652
3133.462
3190.5032
3109.6262
3199.4758
3321.1462
3360.3096
3284.0652
3301.7346
3246.6428
3274.6018
3314.7278
3260.7358
3273.3975
3493.5662
3406.3684
3259.5972
3452.3137
3442.812
3488.808
3446.4749
3418.9187
3589.9387
3402.103
3471.755
3479.025
3601.3477
3535.738
3509.9285
3726.5881
3748.3083
3705.2793
3716.0393
3765.1904
3716.558
3732.9749
3798.6357
3781.5078
3695.4487
3657.2383
3677.88
3540.6736
3728.263
3638.355
3678.122
3705.0808
3701.1145
3683.7495
3629.3127
3525.1724
3487.9006
3568.861
3631.0137
3701.2124
3678.351
3728.1077
3857.0027
3888.6592
3851.3855
3709.4514
3797.5186
3813.774
3943.5972
3873.47
3845.2314
3787.3276
3818.1199
3826.231
3902.552
3888.4402
3933.299
3785.3608
4015.17
3927.5234
3750.9534
3892.1042
3981.288
3946.1301
3900.2144
3986.4243
4110.613
4119.9517
4014.5842
4123.1284
3953.0127
4110.7705
4019.2104
3972.65
3955.266
4050.467
4014.901
4006.932
3963.3828
3979.8918
3987.6394
4104.724
3993.3618
3976.4868
4118.0107
4050.586
3983.9578
4000.3108
4040.9468
4017.5068
4170.61
3955.3262
4130.528
4159.864
4095.3481
4148.878
4204.9688
4222.428
4190.128
4075.585
4125.5664
4131.6553
4111.214
4142.549
4109.9907
4394.261
4282.6245
4269.402
4271.0176
4351.7437
4203.8135
4351.666
4506.669
4348.554
4465.0586
4476.661
4552.147
4536.5317
4568.2007
4593.166
4509.328
4198.1494
4359.6167
4355.817
4278.503
4392.754
4553.976
4523.598
4449.4717
4525.881
4454.0376
4405.781
4327.264
4361.4897
4302.4214
4382.315
4562.7554
4340.765
4515.4497
4469.8003
4530.596
4592.034
4661.0005
4670.2656
4665.2544
4695.84
4582.198
4626.2217
4705.915
4764.6616
4710.7363
4490.785
4463.564
4502.4688
4580.338
4452.601
4561.959
4561.5957
4496.629
4504.2266
4476.839
4529.7803
4570.511
4441.523
4490.574
4377.433
4594.152
4574.158
4604.482
4616.113
4666.88
4731.867
4759.4663
4707.4336
4782.585
4702.458
4835.432
4859.6543
4901.6035
4844.009
4868.2007
4857.789
4880.2764
4943.87
4923.874
4779.6675
4865.2397
4947.7563
4986.4062
4923.6875
4856.041
4998.4644
4808.9707
4679.2666
4690.552
4895.352
4958.8535
5017.892
4848.829
5002.233
5079.522
5040.1846
4796.4736
4800.8335
4834.6685
4828.391
4993.7476
4962.3657
5118.4497
5088.2275
4835.9756
4907.5186
4745.8647
4714.285
4703.1724
4686.272
4766.129
4777.0625
4690.8423
4701.3813
4819.6265
4848.1963
4912.0693
4797.211
4879.3813
4834.1626
4828.7993
4865.923
4835.1484
4929.928
5047.25
4750.9663
5120.222
4887.27
5000.694
5065.109
5031.8066
5070.8623
4962.1025
4922.394
5056.83
5000.093
5056.9263
5054.994
5044.251
4996.472
5094.9375
4945.2437
5107.9556
5125.4595
5139.7144
5079.817
5040.28
5097.376
5072.33
5111.905
5058.4194
5197.589
5052.865
5158.283
5070.0254
5101.456
5195.172
5196.022
5242.2095
5002.524
4994.0786
4863.1577
4828.081
5160.3813
5000.339
4978.778
5151.99
5002.1304
4925.553
4959.01
4991.656
4956.2476
5114.2466
5103.0864
5153.7354
5187.2925
5114.482
5179.6787
5237.3
5071.5044
5160.72
5217.1104
5324.1904
5302.5356
5301.964
5466.2324
5157.0347
5063.538
5205.1816
5288.941
5025.152
5161.3447
5310.826
5484.382
5372.525
5303.492
5451.6724
5305.2524
5315.873
5489.1357
5435.844
5382.2573
5344.6514
5493.371
5448.348
5533.8115
5420.1597
5332.7544
5284.53
5309.3135
5319.299
5265.5747
5483.228
5450.1304
5375.846
5381.0654
5393.758
5286.869
5492.968
5605.923
5437.968
5553.8374
5508.4355
5441.7793
5557.875
5532.728
5507.5547
5364.652
5385.5845
5384.1416
5492.3823
5396.6094
5151.084
5361.7856
5143.5635
5389.9624
5454.3076
5518.7725
5531.7085
-5.901755
19.326597
21.91523
29.788927
39.78543
35.632305
41.194874
30.678274
38.534515
61.49019
41.938736
33.3576
45.534832
65.02576
68.12302
61.42496
70.95038
72.607
75.6994
86.114395
90.6005
83.88969
103.682076
107.87023
120.312126
112.854996
121.28527
123.043686
156.13348
156.08553
195.74849
188.88086
186.61798
220.07492
208.9649
223.0206
241.50702
237.33043
267.5268
270.53012
271.76462
303.99634
332.43753
343.04425
355.02725
355.9014
365.308
384.84882
426.70004
426.20395
467.20767
479.3012
506.9242
546.1882
550.7532
566.8023
625.053
640.6174
662.6607
698.2854
1008.2797
903.3827
859.0945
839.06866
914.2871
959.9442
990.88605
1049.7139
1091.7915
1179.3555
1238.8757
1266.0164
1356.1278
1368.552
1364.5105
1510.0983
1522.8779
1490.33
1533.1869
1659.897
1761.4752
1759.3718
1751.8906
1834.071
1865.5004
1844.0029
1874.189
1939.5901
1903.505
1984.1499
2027.0111
2098.6362
2005.7496
2112.972
2231.5078
2209.7617
2256.615
2433.398
2351.9512
2490.4792
2524.017
2533.992
2467.9453
2571.0027
2603.4282
2562.0564
2472.4363
2601.2087
2607.1655
2523.9744
2567.9949
2655.1294
2609.361
2564.1116
2516.4597
2720.1309
2790.6619
2651.6401
2635.4956
2568.3777
2558.8445
2714.3967
3314.565
3118.7505
2835.9106
2991.9333
2861.5146
2777.0674
2758.2827
2894.591
2951.1145
2970.5884
2931.9614
3048.1858
3042.3062
3073.3955
3034.5803
2970.438
3126.6567
3125.511
3119.9558
3054.643
3177.4688
3211.8096
3134.7517
3248.875
3207.7327
3316.4966
3372.3738
3489.978
3374.265
3459.4358
3310.2112
3248.48
3124.488
3261.9724
3326.491
3526.1353
3305.788
3406.0542
3521.6892
3548.8594
3538.8875
3486.632
3530.6602
3409.0781
3549.4678
3419.581
3277.2725
3268.908
3453.3542
3484.2114
3489.1274
3533.5981
3611.0264
3779.1008
3617.8186
3685.5986
3601.819
3707.3599
3593.5156
3608.1367
3573.4753
3646.5903
3723.9275
3824.6172
3739.786
3713.632
3588.1748
3703.4187
3610.4456
3690.678
3599.2043
3614.8843
3756.1445
3631.1567
3755.7178
3778.7124
3805.0427
3872.6836
3984.3484
3917.059
3993.5881
4039.9846
4144.902
3891.0486
4009.4426
3918.4412
3775.0317
3935.3518
3852.9636
4028.3914
4038.6536
3924.8035
3877.7583
4015.6802
3889.1375
3949.923
3911.866
4183.444
4091.4526
4018.141
3978.7793
4098.941
4098.7925
4011.8132
3967.1636
4070.8208
3861.7136
3934.0786
3973.2656
4021.8086
4031.1562
3862.803
3971.6545
4052.2769
3986.8987
3905.9136
4044.894
4087.9902
4018.654
4075.3542
3921.9597
3933.6982
3977.3262
3955.7957
4112.289
4329.0166
4178.5713
4149.56
4220.81
4052.3865
4341.328
4153.765
4122.607
4047.0078
4095.5803
4023.1301
4017.5962
4071.0168
4103.9863
4197.353
4272.386
4201.4375
4267.473
4361.982
4548.0044
4384.032
4473.8496
4462.4175
4283.359
4384.518
4445.724
4245.021
4251.278
4357.1416
4430.198
4315.437
4412.674
4406.3877
4232.7095
4439.78
4365.414
4391.9834
4495.6304
4285.288
4483.0674
4471.1987
4554.692
4462.3867
4645.718
4482.9756
4612.995
4685.0337
4662.3794
4715.9556
4550.9478
4715.249
4670.58
4687.7007
4545.4
4511.8354
4453.904
4446.295
4541.3003
4593.368
4536.3257
4776.696
4641.6777
4612.206
4576.133
4586.311
4467.4907
4585.168
4581.0645
4662.808
4768.299
4854.9316
4687.5156
4794.6963
4663.9795
4637.912
4639.7954
4802.7847
4632.902
4560.661
4550.586
4548.126
4614.238
4665.176
4615.8506
4741.5107
4691.548
4724.1987
4893.3486
4696.8647
4740.9966
4829.655
4855.653
4889.4673
4827.8486
4748.4233
4938.106
4805.6016
4832.922
4788.98
4742.0044
4754.0513
4717.253
4745.7876
4925.9663
5036.0776
5089.658
4958.059
5023.377
5043.332
4876.941
4967.277
4953.0938
5006.1143
4908.545
5002.181
5126.4233
5036.549
5005.8115
4940.694
5018.588
5019.1123
5185.3257
5091.698
5042.722
4974.2744
4901.683
4957.421
4962.0234
5010.4463
5046.4897
5106.9077
5032.524
5130.755
5327.954
5139.1113
4956.239
4937.064
4953.807
4814.155
5056.2993
5126.7954
5131.6426
5216.9873
5121.5527
5056.0513
5068.415
5179.473
5037.9062
5058.355
5019.011
5227.5225
5317.632
5073.5444
5037.229
5083.909
5175.7935
5214.774
5184.6025
5377.3286
5371.5625
5263.5723
5326.5405
5355.5293
5346.021
5176.7847
5199.941
5382.52
5389.5244
5305.1016
5262.493
5104.825
5076.217
5155.9062
5238.0913
5150.739
5257.34
5253.147
5268.976
5145.255
5198.7993
5306.33
5288.039
5048.1924
5299.0757
5394.344
5403.253
5337.8984
5271.9
5447.717
5465.0845
5495.434
5522.7036
5531.4175
5434.9966
5324.3604
5230.903
5192.5464
5147.3467
5146.6875
5175.0156
5168.94
5274.7637
5393.238
5474.7812
5430.172
5373.4307
5424.378
5452.296
5407.4517
5502.7773
5475.195
5611.257
5445.773
5577.5513
5476.05
5468.636
5241.6035
5361.1094
5364.0093
5501.869
5555.298
5337.77
5221.9536
5251.4155
5391.6426
5425.568
5393.7305
5571.585
5369.9824
5361.833
5312.424
5416.258
5270.823
5249.9707
5233.167
5227.494
5456.083
5331.123
5360.0815
5244.4185
5370.954
5254.398
5321.014
5235.0596
5082.5195
5363.8174
5382.5
5573.9688
5644.9062
5392.6025
5620.9175
5372.3345
