-1.8933913
17.778906
18.596903
22.552103
30.630104
26.238894
25.87652
41.172413
33.261208
32.796055
48.22762
55.673832
48.945004
63.861145
46.744846
60.858356
54.01456
77.43558
60.09899
87.90605
90.715
79.24447
94.110245
104.92488
109.34827
116.605644
128.7404
135.04932
129.80266
145.79613
156.58432
186.08098
169.41452
153.80455
172.50668
197.62851
206.25478
238.48831
240.63794
266.02
265.3061
279.04575
325.0248
355.4108
376.618
372.34082
424.27896
432.45703
452.52408
489.92
492.06207
549.6459
571.50146
605.9687
649.60516
670.7542
684.84155
688.78577
740.17676
780.0748
1077.0658
1047.3505
988.14075
999.5726
1015.1365
1075.0244
1123.7928
1224.4391
1303.2875
1345.2349
1427.034
1539.9235
1610.1709
1642.6295
1744.7179
1778.8448
1910.18
1932.9812
2048.063
2114.3228
2133.3794
2108.8071
2184.1448
2232.832
2237.44
2389.3645
2410.1099
2399.7886
2415.8142
2446.1702
2546.5571
2559.371
2601.283
2626.204
2564.3638
2541.4475
2586.1353
2643.8672
2593.1968
2642.604
2678.2183
2595.9023
2708.0999
2577.2725
2612.4128
2575.069
2661.2961
2697.6765
2780.537
2634.592
2672.036
2668.4436
2666.8794
2887.5178
2858.5847
2836.7266
2859.4592
2827.438
2795.4324
2824.606
2845.5244
2876.2083
3235.119
2989.0486
2866.6912
2732.819
2790.8862
2825.0708
2898.994
2857.4053
3027.5984
2987.4714
2949.991
2964.729
3081.8596
3198.0872
3261.286
3278.844
3316.7378
3361.6592
3296.202
3557.1052
3603.6287
3577.6294
3544.5793
3589.4358
3485.643
3522.4568
3718.957
3661.3496
3682.374
3581.7722
3786.912
3780.9404
3794.0742
3780.815
3725.8523
3821.4197
3743.3176
3879.9944
3750.5208
3859.6355
3765.2302
3649.4185
3873.2925
3850.9832
3750.2078
3647.6667
3590.4448
3548.1506
3559.6167
3479.9377
3802.7366
3872.4434
4008.8218
3745.0674
3910.3835
3791.5342
3630.4736
3652.1587
3710.7727
3922.6257
3993.6636
3826.1814
3806.7058
4087.6086
3869.731
3869.286
3945.5286
3933.5764
4022.641
4096.9375
4087.163
3970.547
4028.3062
4103.5884
4174.4463
4365.939
4306.4077
4271.299
4175.274
4354.607
4506.0376
4478.8066
4421.694
4537.2515
4600.385
4629.1333
4534.0903
4523.7695
4596.222
4682.2104
4695.9673
4606.472
4600.674
4648.3276
4700.2974
4642.395
4389.097
4666.103
4393.992
4570.741
4608.236
4467.866
4385.9136
4461.9966
4604.8564
4652.8657
4634.525
4437.6313
4330.7344
4169.494
4465.533
4506.2793
4376.589
4622.138
4616.945
4426.694
4348.24
4484.4907
4510.9556
4512.5967
4462.3867
4557.9478
4619.6704
4503.2344
4387.1626
4714.1475
4757.0366
4592.3247
4523.5054
4545.7676
4733.256
4762.8774
4884.79
4887.47
4862.842
4955.155
4915.789
4974.77
5004.564
4989.2275
4777.9985
4839.339
4869.572
4794.027
5071.85
5066.107
5032.3745
5093.72
4990.823
5074.156
5190.1787
5118.862
5256.6084
5257.1587
5218.7207
5305.273
5151.077
5172.378
5287.5723
5154.3438
5320.0303
5323.009
5034.536
4995.23
5153.9014
5322.974
5370.264
5361.0063
5357.0547
5163.8413
5252.8857
5372.522
5533.723
5647.766
5550.686
5398.94
5540.806
5384.823
5327.166
5424.272
5390.55
5564.7173
5387.934
5200.46
5384.507
5314.8604
5399.3174
5302.887
5464.1772
5521.409
5561.349
5508.5566
5620.139
5573.1016
5555.8623
5665.936
5698.4897
5589.722
5413.793
5424.331
5538.83
5514.5005
5596.745
5682.5703
5738.674
5838.749
5775.19
5807.1797
5838.3267
5845.5903
5751.962
5708.1167
5493.1343
5619.1724
5750.4463
5790.4165
5603.655
5790.9507
5927.614
5709.5444
5676.26
5771.5845
5762.799
5619.487
5836.4272
5729.798
5615.5293
5531.886
5594.2656
5521.4155
5512.405
5765.05
5680.034
5814.0005
5794.6987
5539.1924
5627.1
5686.0176
5700.105
5595.34
5587.98
5638.0347
5578.598
5714.7744
5793.032
5832.911
5554.9365
5616.5576
5910.472
5897.5415
5803.6055
5874.9854
5608.8286
5455.4263
5535.4395
5512.9365
5617.089
5621.9
5462.476
5710.895
5680.779
5782.0034
5996.3013
5780.7144
5946.047
5999.378
6028.001
5929.511
6128.8784
6089.026
6013.8223
6003.8247
6022.949
5907.233
6055.7856
5840.8623
5890.503
5785.284
5918.4966
5924.077
5888.475
5763.123
5957.363
6050.499
6059.0835
6212.628
5785.2534
5788.4067
5886.617
5750.273
5687.079
5977.008
5874.994
5977.638
5811.7085
5830.605
5902.8755
5824.0566
5902.8115
5762.191
5814.508
5887.4253
5964.6025
5939.81
6142.471
6091.634
6119.013
6102.876
5966.0444
5991.7476
6029.8438
6046.527
5865.239
5744.2725
6000.425
5835.5244
6022.922
5817.9253
5686.9585
5796.5835
5982.7563
5968.3936
6263.022
6179.9663
6242.8887
6021.4453
6031.336
5934.632
6110.538
6003.385
6124.5317
5993.199
6141.5645
6116.648
6015.7734
6128.447
6292.117
6219.4604
5969.405
6004.4575
5989.61
5954.547
6152.9355
6008.556
6265.164
6125.5303
6146.443
6183.6816
6298.0537
6160.741
6211.0713
6104.675
6135.9043
6061.8696
5765.5317
5823.652
5897.5225
5881.623
6005.2173
5922.211
6009.5225
6094.01
6070.4824
6120.3335
6108.5835
6030.726
6092.151
6071.114
6261.045
6403.394
6210.668
6228.4194
6286.5522
6487.01
6234.107
6275.2456
6197.296
5.310979
14.2616625
20.819084
20.583126
34.060844
28.229223
30.972885
31.723803
34.622746
46.841778
38.1495
52.92662
42.014324
42.49774
46.789276
52.58033
48.059296
48.392303
56.726414
62.249676
69.4141
77.5933
78.89493
78.26836
95.96474
105.448006
102.03213
109.105865
127.007744
119.51961
123.1521
151.75749
162.48306
154.48494
180.44492
177.49257
189.29329
215.22433
221.16695
219.36832
246.8506
237.43361
271.74335
262.04205
300.727
286.11234
284.79214
303.81747
336.1333
331.20966
375.47357
371.5221
393.82233
394.7083
434.39703
414.95483
438.6639
447.98688
486.1813
503.48822
554.7928
491.17676
520.61646
549.50134
590.54895
578.9959
653.3005
691.172
756.19696
718.2741
774.0313
832.22614
838.37195
875.67365
877.9613
904.86786
953.62054
1008.8214
983.9145
1118.4872
1144.7787
1148.3574
1200.4667
1253.8702
1332.7516
1295.2986
1349.5822
1357.7092
1354.8724
1419.1436
1455.9811
1471.659
1554.1066
1499.7316
1658.825
1755.3815
1762.998
1758.978
1855.4692
2059.3413
2045.1317
1943.6781
1854.4545
1845.4109
1966.956
2044.2643
2061.2341
2179.809
2163.5232
2061.3743
2162.576
2152.1875
2104.8845
2225.1064
2237.0857
2150.579
2283.989
2238.4548
2446.264
2453.7485
2283.114
2385.2625
2451.6958
2392.781
2429.364
2430.442
2442.1724
2420.6506
2515.856
2498.6873
2458.4915
2510.1206
2576.4272
2714.3386
2571.149
2676.2861
2713.7827
2554.0444
2602.8618
2627.6042
2741.0493
2718.5757
2830.8677
2940.6094
2894.513
2784.219
2794.974
2905.201
2955.7126
3018.9058
3071.7168
3001.8096
2974.568
3156.3933
3111.0896
3039.1365
2955.2566
3017.546
2817.8928
2938.524
3241.8252
3155.4758
3044.374
3140.918
3217.7205
3091.4263
3136.923
3177.6084
3064.4172
3062.9875
3068.3906
3135.6611
3336.3125
3326.899
3244.8118
3403.7004
3374.8855
3375.5405
3404.3596
3328.5251
3356.2637
3373.7952
3254.376
3355.2205
3414.7087
3529.3276
3494.0708
3433.0369
3450.865
3381.655
3205.7925
3297.91
3045.087
3236.5854
3270.928
3294.7524
3434.4854
3421.4114
3462.1887
3609.5269
3541.7727
3348.7102
3463.167
3584.5894
3613.382
3471.1792
3395.893
3533.5664
3853.1301
3770.7139
3514.0012
3595.7236
3590.207
3555.7083
3635.3945
3817.3203
3951.6492
3797.25
3725.914
3807.818
3895.4424
3942.9333
3915.8215
3783.0327
3884.9304
3833.2153
3858.9177
3986.7153
3899.796
3736.8467
3818.2683
3925.0203
3827.8828
3596.7568
3611.4543
3754.4045
3844.873
3795.1875
3801.054
3895.785
3802.882
3691.2874
3844.3318
4117.669
3834.1553
3862.6726
3888.2905
4016.2573
3994.861
3892.7537
3845.8835
3969.2805
4068.4219
3846.1067
4080.0237
3990.4055
4000.5068
3918.2405
3861.5789
3877.9512
3943.359
3848.7693
3768.5698
3981.2908
4075.8218
4123.319
4208.408
4139.515
4271.7275
4182.299
4159.896
4113.32
4104.6807
4112.7104
4142.98
4159.4956
4242.7065
4003.574
3903.2769
4270.3594
4124.282
4150.704
4089.254
4268.187
4305.5767
4417.4434
4250.762
4347.778
4363.2266
4157.7993
4085.374
4165.3994
4323.6895
4317.768
4366.2363
4399.403
4203.752
4457.066
4329.0244
4374.719
4429.7856
4321.4795
4266.795
4449.92
4274.299
4435.3076
4381.0005
4232.7417
4258.317
4312.868
4191.4624
4290.5405
4302.378
4165.2485
4326.0547
4422.641
4457.3223
4500.174
4499.262
4450.8433
4531.5356
4345.7676
4543.864
4534.473
4507.656
4567.7573
4599.6895
4560.1685
4484.0063
4472.3237
4483.4653
4385.2476
4323.73
4358.034
4332.284
4459.041
4615.843
4546.575
4743.8716
4657.4175
4623.4683
4818.88
4631.5737
4690.4673
4472.1484
4296.14
4461.7417
4594.896
4589.6313
4612.7812
4601.097
4627.6245
4571.7095
4559.5776
4721.839
4553.8066
4459.6313
4544.823
4528.683
4509.194
4712.63
4691.4595
4468.898
4610.0376
4533.02
4617.0376
4794.231
4704.0234
4697.329
4838.5063
4794.83
4580.705
4774.173
4714.94
4653.5234
4589.4697
4596.4863
4477.779
4575.397
4545.6445
4734.5376
4762.3965
4768.116
4742.4873
4687.6206
4693.272
4687.043
4656.3647
4564.526
4639.621
4673.6006
4780.899
4710.4966
4724.5225
4520.275
4651.188
4765.3394
4789.552
4679.5347
4776.502
4891.712
4892.5654
4949.037
4878.117
4847.1724
4720.5503
4709.5947
4640.26
4643.232
4902.627
4738.811
4648.895
4658.9253
4866.191
4829.026
4875.731
4843.51
4680.896
4894.6343
4827.8193
4991.5205
4810.075
4786.9097
4875.6895
4887.151
4942.3022
4864.708
4823.625
4837.1562
4917.191
5077.2344
4948.591
5102.692
5007.0063
5011.133
5066.763
4987.5186
4889.6895
4944.073
4975.1826
4939.294
5048.1436
5076.783
5051.63
5153.769
5074.593
5105.8604
4918.2886
5027.8735
4899.6606
5106.3467
4968.5615
5058.212
5097.218
4830.7627
4679.5625
5056.2676
5151.638
5142.0713
4908.674
5078.066
5033.3716
4816.618
4842.691
4869.3994
4840.342
4853.197
5040.11
4946.788
4989.3594
5064.635
5080.164
5014.0537
5108.2144
5157.9966
5288.9336
5229.0366
5004.184
5079.5913
5089.683
5229.8447
5180.752
5191.565
5358.3193
5110.6416
5143.4316
4990.2314
5163.98
5160.298
5261.5693
5282.218
4995.623
4967.284
5042.5474
5026.98
5332.585
5203.423
5218.4385
5039.1104
