0.8941563
13.882039
17.72535
21.005585
29.473629
30.117172
28.62413
25.86139
33.890694
34.903526
48.34021
55.245785
48.992935
50.159412
53.500427
54.334476
62.503803
60.66243
69.35013
72.869835
93.364685
88.01648
87.61478
87.62362
93.410126
111.63131
121.18635
128.08653
134.66405
145.11522
172.94077
193.55894
231.36519
238.32256
252.44182
246.06741
265.6298
254.01517
279.6757
1.4629091
9.519235
19.854933
31.008644
22.40482
29.654648
42.140068
29.650944
39.907677
38.074646
45.030098
54.518982
44.545204
47.080723
58.931988
68.83164
67.055435
63.72004
72.25869
54.635925
82.00882
86.17259
82.8477
74.34326
99.30486
91.671875
114.46875
128.63673
116.80418
143.06607
157.11485
140.87718
167.92921
182.71373
177.05086
185.78148
200.57376
207.89836
206.2688
225.36893
241.953
254.96495
268.50153
283.88196
284.30823
331.18436
328.26968
332.91888
366.50153
370.79596
372.66144
393.96045
389.282
395.3001
407.73953
434.32428
462.6581
505.03784
476.17795
497.87213
530.5544
519.67505
520.6402
526.27594
566.2948
618.58966
587.02234
594.3399
620.57605
626.0976
703.9637
737.3637
748.71436
768.46027
830.1312
830.52527
783.10657
866.6963
864.65894
969.3715
963.9538
961.7076
1050.0237
963.189
1005.58685
1042.137
1124.5214
1235.4326
1175.7942
1159.2867
1235.4902
1316.9039
1307.4196
1317.5239
1345.3407
1432.7168
1421.6771
1438.6344
1424.1737
1494.8895
1419.1116
1568.226
1610.8014
1567.0829
1546.377
1574.3698
1667.5005
1726.199
1732.0201
1668.9517
1809.0825
1883.8312
1863.8594
2017.2944
2086.948
2054.271
1992.4633
2098.043
2192.1584
2246.6758
2274.8738
2342.6892
2342.105
2322.964
2413.3777
2475.371
2413.6123
2493.2153
2424.682
2447.0686
2502.0774
2422.4321
2410.9106
2497.191
2507.517
2521.809
2676.8235
2622.5613
2667.4458
2627.413
2574.3494
2469.693
2692.467
2681.1516
2685.4958
2799.6116
2747.2556
2857.4055
2895.6423
2870.2817
2817.8965
2771.132
2903.707
2971.2734
2977.4329
2914.0776
2932.2144
3106.9978
2921.8333
3035.114
3102.057
3073.556
2935.0452
3035.8293
3047.0798
2898.1785
3010.7527
2982.6296
3139.275
3215.1433
3325.7422
3442.351
3345.0774
3363.8052
3406.318
3420.9033
3472.1453
3396.9175
3366.4653
3365.7947
3385.619
3449.4475
3441.852
3526.515
3616.54
3564.2644
3572.2998
3556.8333
3358.423
3530.6824
3553.8516
3478.2302
3705.8674
3756.563
3759.802
3629.084
3648.4263
3701.9463
3745.0796
3814.3042
3767.044
3747.7483
3838.3494
3643.2458
3836.3037
3923.0674
3717.1755
3705.7444
3737.375
3793.1848
3698.1182
3770.8118
3665.2358
3579.2058
3677.122
3758.988
3913.993
3838.4285
3927.612
3991.844
3957.4968
4011.3037
3966.6458
4215.8794
4158.823
4104.221
3930.8674
4019.594
4118.4585
3881.2295
3934.1926
3986.096
4006.36
4138.706
4350.019
4170.874
4147.189
4438.752
4322.0186
4160.0737
4238.55
4340.6304
4517.4136
4259.566
4368.865
4505.471
4627.2554
4517.0176
4527.2085
4527.553
4578.6597
4571.1895
4579.041
4512.0366
4549.9785
4512.5586
4553.9062
4651.876
4727.964
4690.585
4747.2583
4737.604
4597.3657
4553.6553
4573.389
4635.4653
4611.666
4734.567
4508.4697
4352.2935
4561.367
4640.6777
4604.6104
4700.2993
4689.2275
4583.656
4586.9175
4869.2124
4855.21
4751.136
4844.538
4869.713
4585.0576
4831.247
4734.232
4837.1074
5019.587
4807.7417
4828.8125
4844.2803
4961.7866
4791.552
4783.9023
4871.388
4915.1294
5020.2725
4940.9204
5068.446
5050.9785
5112.269
5073.328
5045.193
5072.3516
5081.118
5108.8677
5264.114
5110.3203
4982.249
5037.058
4983.762
5170.82
5269.9595
5199.572
5175.5586
5200.579
5046.3315
5030.2036
5038.9517
5210.231
5305.1943
5192.453
5091.607
5155.7017
5120.522
5289.4517
5352.007
5300.4976
5122.3745
5180.7197
5027.4595
5155.4194
4986.7334
5252.683
5436.6963
5417.838
5280.6826
5424.191
5192.2915
5283.2124
5336.911
5339.0
5348.391
5478.434
5504.9375
5365.697
5373.296
5441.884
5523.143
5517.8784
5434.9297
5562.1113
5784.6753
5669.4697
5694.0938
5718.255
5571.0845
5476.961
5452.206
5660.563
5633.888
5468.4224
5480.907
5486.26
5430.155
5746.2056
5842.038
5862.8955
5610.081
5664.7275
5592.587
5480.1084
5476.968
5612.796
5742.172
5528.163
5446.5117
5653.4224
5700.072
5734.1997
5688.3384
5708.2354
5683.211
5708.627
5691.938
5878.7065
5957.503
5999.108
6030.182
6079.357
5799.888
5867.8003
5691.8203
5749.7666
5868.858
5908.166
6050.978
5855.376
5890.188
5903.116
5786.0645
6012.2544
6134.2285
5875.947
5740.553
5769.833
5557.338
5737.356
5774.648
5803.9116
5833.441
5840.9043
5843.717
5852.9336
5932.7188
6106.3716
5933.9688
5893.144
5950.6973
5938.3228
5915.9478
5911.223
6001.5303
5881.67
5987.726
6034.3125
5886.5825
5913.026
5829.5557
5585.2256
5939.3013
5943.409
5995.8394
5881.1787
6062.5303
6216.811
6240.141
6163.7876
6192.5234
6083.7285
6134.408
6049.3335
6019.1978
6062.175
6165.721
6317.54
6155.6875
6263.1724
6333.3384
6260.8647
6462.503
6212.6313
6251.0
6264.1113
6145.61
6176.773
6227.326
6304.7856
6020.5303
6191.616
6397.4775
6398.7407
6566.5513
6439.9136
6335.4766
6306.4595
6156.5312
6286.451
6314.1973
6457.704
6485.7837
6437.2637
6361.5615
6370.715
6348.4644
6568.3896
6529.0894
6459.4653
6230.047
6285.532
6441.9487
6408.489
6450.378
6284.789
6104.337
6271.6543
6381.6763
6178.413
6033.733
6261.132
6480.465
6581.2817
6661.976
6572.9536
6454.4937
6507.752
6535.877
6738.9556
6535.968
6594.5176
